% Parameters of large exit tank 

function [Pout,Vtank,D,m_out_c] = const_tank()
%#eml

Pout = 1; % pressure at exit of tank

Vtank = 5 * pi * (0.60 / 2)^2 * 2 + pi * (0.08 / 2)^2 * 5.940; % volume, tank

% coefficients of the outlet valve characteristic
% D = [-0.0083454 -0.0094965 0.16826 -0.032215 -0.61199 0.94175 -0.48522 0.10369];
% D = [1.5*[1 1 1 1], 1 1 1 1].*[-0.0083454 -0.0094965 0.16826 -0.032215 -0.61199 0.94175 -0.48522 0.10369];
D = [-0.423884232813775         0.626400271518973       -0.0995040168384753      0.0201535563630318 ...
 -0.490814924104294         0.843580880467905        -0.423103455111209      0.0386841406482887];
m_out_c = 0.017;

end