function [C,M,UB,LB,b,Ain,xinit,upast,deltax] = get_constant_matrices(option)
%#eml
C = [0,1,0,0,0,0,0,1,0
25.159,-20.065,100,0,0,0,0,0,1
];
M = [2.7976e-019,3.8389e-022
2.7629e-021,5.6556e-019
-4.2643e-021,-3.8548e-021
9.0077e-019,-3.2302e-018
0,0
0,0
0,0
0.98076,4.3999e-018
-1.591e-018,0.98076
];
UB = [0.3
1
0.3
1
];
LB = [-0.3
0
-0.3
0
];
b = [0.1
0.1
0.1
0.1
0.1
1
0.1
1
];
Ain = [-1,0,0,0
0,-1,0,0
1,0,-1,0
0,1,0,-1
1,-0,-0,-0
-0,1,-0,-0
-1,-0,1,-0
-0,-1,-0,1
];
xinit = [0.898
1.126
0.15
439.5
0
0
0
0
0
];
upast = [0
0
];
deltax = [0
0
0
0
0
0
0
0
0
];
