function [H,C,M,UB,LB,b,Ain,Ga,Gb,Gc,xinit,upast] = get_matrices(option)
%#eml
H = [8697.2,-1050.1,8075.1,-2353.8,6529.3,-3007.5,4376,-3031.2,2002.9,-2525.9,-236.81,-1646.8,-2065.3,-573.66,-6114.1,50853
-1050.1,2.831e+05,823.55,2.757e+05,3080.2,2.5458e+05,5434.9,2.2272e+05,7531.2,1.8425e+05,8984.2,1.4367e+05,9436.4,1.052e+05,3.0567e+05,7.8302e+05
8075.1,823.55,8697.2,-1050.1,8075.1,-2353.8,6529.2,-3007.5,4376,-3031.2,2002.8,-2525.9,-236.88,-1646.8,-8228,49731
-2353.8,2.757e+05,-1050.1,2.831e+05,823.62,2.757e+05,3080.2,2.5458e+05,5434.9,2.2272e+05,7531.3,1.8425e+05,8984.3,1.4367e+05,3.1515e+05,8.8872e+05
6529.3,3080.2,8075.1,823.62,8697.1,-1050,8075,-2353.7,6529.2,-3007.5,4375.9,-3031.2,2002.7,-2525.9,-8513.3,47538
-3007.5,2.5458e+05,-2353.8,2.757e+05,-1050,2.831e+05,823.66,2.757e+05,3080.3,2.5458e+05,5435,2.2272e+05,7531.3,1.8425e+05,3.2417e+05,1.0327e+06
4376,5434.9,6529.2,3080.2,8075,823.66,8697,-1050,8074.9,-2353.7,6529.1,-3007.5,4375.8,-3031.2,-6559,44466
-3031.2,2.2272e+05,-3007.5,2.5458e+05,-2353.7,2.757e+05,-1050,2.831e+05,823.69,2.757e+05,3080.3,2.5458e+05,5435,2.2272e+05,3.3171e+05,1.2172e+06
2002.9,7531.2,4376,5434.9,6529.2,3080.3,8074.9,823.69,8696.9,-1050,8074.9,-2353.7,6529,-3007.5,-2231.7,40888
-2525.9,1.8425e+05,-3031.2,2.2272e+05,-3007.5,2.5458e+05,-2353.7,2.757e+05,-1050,2.831e+05,823.69,2.757e+05,3080.3,2.5458e+05,3.3715e+05,1.4399e+06
-236.81,8984.2,2002.8,7531.3,4375.9,5435,6529.1,3080.3,8074.9,823.69,8696.9,-1050,8074.8,-2353.7,4248.4,37329
-1646.8,1.4367e+05,-2525.9,1.8425e+05,-3031.2,2.2272e+05,-3007.5,2.5458e+05,-2353.7,2.757e+05,-1050,2.831e+05,823.68,2.757e+05,3.4023e+05,1.6945e+06
-2065.3,9436.4,-236.88,8984.3,2002.7,7531.3,4375.8,5435,6529,3080.3,8074.8,823.68,8696.8,-1050,12274,34416
-573.66,1.052e+05,-1646.8,1.4367e+05,-2525.9,1.8425e+05,-3031.2,2.2272e+05,-3007.5,2.5458e+05,-2353.7,2.757e+05,-1050,2.831e+05,3.4104e+05,1.97e+06
-6114.1,3.0567e+05,-8228,3.1515e+05,-8513.3,3.2417e+05,-6559,3.3171e+05,-2231.7,3.3715e+05,4248.4,3.4023e+05,12274,3.4104e+05,2.5837e+06,2.217e+07
50853,7.8302e+05,49731,8.8872e+05,47538,1.0327e+06,44466,1.2172e+06,40888,1.4399e+06,37329,1.6945e+06,34416,1.97e+06,2.217e+07,2.4882e+08
];
C = [0,1,0,0,0,0,0,0,0,0,0,0,0,0,0,0,0,0,0,0,0,0,0,0,0,1,0
25.159,-20.065,100,0,0,0,0,0,0,0,0,0,0,0,0,0,0,0,0,0,0,0,0,0,0,0,1
];
M = [2.6043e-19,-1.7077e-21
2.9253e-21,5.1921e-19
4.4713e-21,-2.3108e-21
-3.5115e-18,-6.7684e-19
0,0
0,0
0,0
0,0
0,0
0,0
0,0
0,0
0,0
0,0
0,0
0,0
0,0
0,0
0,0
0,0
0,0
0,0
0,0
0,0
0,0
0.98076,-9.3536e-19
-7.3568e-18,0.98076
];
UB = [0.3
1
0.3
1
0.3
1
0.3
1
0.3
1
0.3
1
0.3
1
0.3
1
];
LB = [-0.3
0
-0.3
0
-0.3
0
-0.3
0
-0.3
0
-0.3
0
-0.3
0
-0.3
0
];
b = [0.1
0.1
0.1
0.1
0.1
0.1
0.1
0.1
0.1
0.1
0.1
0.1
0.1
0.1
0.1
0.1
0.1
1
0.1
1
0.1
1
0.1
1
0.1
1
0.1
1
0.1
1
0.1
1
];
Ain = [-1,0,0,0,0,0,0,0,0,0,0,0,0,0,0,0
0,-1,0,0,0,0,0,0,0,0,0,0,0,0,0,0
1,0,-1,0,0,0,0,0,0,0,0,0,0,0,0,0
0,1,0,-1,0,0,0,0,0,0,0,0,0,0,0,0
0,0,1,0,-1,0,0,0,0,0,0,0,0,0,0,0
0,0,0,1,0,-1,0,0,0,0,0,0,0,0,0,0
0,0,0,0,1,0,-1,0,0,0,0,0,0,0,0,0
0,0,0,0,0,1,0,-1,0,0,0,0,0,0,0,0
0,0,0,0,0,0,1,0,-1,0,0,0,0,0,0,0
0,0,0,0,0,0,0,1,0,-1,0,0,0,0,0,0
0,0,0,0,0,0,0,0,1,0,-1,0,0,0,0,0
0,0,0,0,0,0,0,0,0,1,0,-1,0,0,0,0
0,0,0,0,0,0,0,0,0,0,1,0,-1,0,0,0
0,0,0,0,0,0,0,0,0,0,0,1,0,-1,0,0
0,0,0,0,0,0,0,0,0,0,0,0,1,0,-1,0
0,0,0,0,0,0,0,0,0,0,0,0,0,1,0,-1
1,-0,-0,-0,-0,-0,-0,-0,-0,-0,-0,-0,-0,-0,-0,-0
-0,1,-0,-0,-0,-0,-0,-0,-0,-0,-0,-0,-0,-0,-0,-0
-1,-0,1,-0,-0,-0,-0,-0,-0,-0,-0,-0,-0,-0,-0,-0
-0,-1,-0,1,-0,-0,-0,-0,-0,-0,-0,-0,-0,-0,-0,-0
-0,-0,-1,-0,1,-0,-0,-0,-0,-0,-0,-0,-0,-0,-0,-0
-0,-0,-0,-1,-0,1,-0,-0,-0,-0,-0,-0,-0,-0,-0,-0
-0,-0,-0,-0,-1,-0,1,-0,-0,-0,-0,-0,-0,-0,-0,-0
-0,-0,-0,-0,-0,-1,-0,1,-0,-0,-0,-0,-0,-0,-0,-0
-0,-0,-0,-0,-0,-0,-1,-0,1,-0,-0,-0,-0,-0,-0,-0
-0,-0,-0,-0,-0,-0,-0,-1,-0,1,-0,-0,-0,-0,-0,-0
-0,-0,-0,-0,-0,-0,-0,-0,-1,-0,1,-0,-0,-0,-0,-0
-0,-0,-0,-0,-0,-0,-0,-0,-0,-1,-0,1,-0,-0,-0,-0
-0,-0,-0,-0,-0,-0,-0,-0,-0,-0,-1,-0,1,-0,-0,-0
-0,-0,-0,-0,-0,-0,-0,-0,-0,-0,-0,-1,-0,1,-0,-0
-0,-0,-0,-0,-0,-0,-0,-0,-0,-0,-0,-0,-1,-0,1,-0
-0,-0,-0,-0,-0,-0,-0,-0,-0,-0,-0,-0,-0,-1,-0,1
];
Ga = [0.0010385,0,0,0,0,0,0,0,0,0,0,0,0,0,0,0
315.72,0,0,0,0,0,0,0,0,0,0,0,0,0,0,0
0.0067348,0,0.0010385,0,0,0,0,0,0,0,0,0,0,0,0,0
836.38,0,315.72,0,0,0,0,0,0,0,0,0,0,0,0,0
0.01647,0,0.0067348,0,0.0010385,0,0,0,0,0,0,0,0,0,0,0
1162.1,0,836.38,0,315.72,0,0,0,0,0,0,0,0,0,0,0
0.028233,0,0.01647,0,0.0067348,0,0.0010385,0,0,0,0,0,0,0,0,0
1281.3,0,1162.1,0,836.38,0,315.72,0,0,0,0,0,0,0,0,0
0.040072,0,0.028233,0,0.01647,0,0.0067348,0,0.0010385,0,0,0,0,0,0,0
1211.9,0,1281.3,0,1162.1,0,836.38,0,315.72,0,0,0,0,0,0,0
0.050346,0,0.040072,0,0.028233,0,0.01647,0,0.0067348,0,0.0010385,0,0,0,0,0
993.96,0,1211.9,0,1281.3,0,1162.1,0,836.38,0,315.72,0,0,0,0,0
0.057893,0,0.050346,0,0.040072,0,0.028233,0,0.01647,0,0.0067348,0,0.0010385,0,0,0
681.07,0,993.96,0,1211.9,0,1281.3,0,1162.1,0,836.38,0,315.72,0,0,0
0.062104,0,0.057893,0,0.050346,0,0.040072,0,0.028233,0,0.01647,0,0.0067348,0,0.0010385,0
330.61,0,681.07,0,993.96,0,1211.9,0,1281.3,0,1162.1,0,836.38,0,315.72,0
0.062921,0,0.062104,0,0.057893,0,0.050346,0,0.040072,0,0.028233,0,0.01647,0,0.0077732,0
-4.3946,0,330.61,0,681.07,0,993.96,0,1211.9,0,1281.3,0,1162.1,0,1152.1,0
0.060746,0,0.062921,0,0.062104,0,0.057893,0,0.050346,0,0.040072,0,0.028233,0,0.024243,0
-281.68,0,-4.3946,0,330.61,0,681.07,0,993.96,0,1211.9,0,1281.3,0,2314.2,0
0.056318,0,0.060746,0,0.062921,0,0.062104,0,0.057893,0,0.050346,0,0.040072,0,0.052476,0
-473.64,0,-281.68,0,-4.3946,0,330.61,0,681.07,0,993.96,0,1211.9,0,3595.5,0
0.050557,0,0.056318,0,0.060746,0,0.062921,0,0.062104,0,0.057893,0,0.050346,0,0.092548,0
-568.59,0,-473.64,0,-281.68,0,-4.3946,0,330.61,0,681.07,0,993.96,0,4807.4,0
0.044408,0,0.050557,0,0.056318,0,0.060746,0,0.062921,0,0.062104,0,0.057893,0,0.14289,0
-569.75,0,-568.59,0,-473.64,0,-281.68,0,-4.3946,0,330.61,0,681.07,0,5801.4,0
0.038717,0,0.044408,0,0.050557,0,0.056318,0,0.060746,0,0.062921,0,0.062104,0,0.20079,0
-492.36,0,-569.75,0,-568.59,0,-473.64,0,-281.68,0,-4.3946,0,330.61,0,6482.4,0
0.034128,0,0.038717,0,0.044408,0,0.050557,0,0.056318,0,0.060746,0,0.062921,0,0.26289,0
-359.66,0,-492.36,0,-569.75,0,-568.59,0,-473.64,0,-281.68,0,-4.3946,0,6813.1,0
0.031034,0,0.034128,0,0.038717,0,0.044408,0,0.050557,0,0.056318,0,0.060746,0,0.32581,0
-198.48,0,-359.66,0,-492.36,0,-569.75,0,-568.59,0,-473.64,0,-281.68,0,6808.7,0
0.029562,0,0.031034,0,0.034128,0,0.038717,0,0.044408,0,0.050557,0,0.056318,0,0.38656,0
-35.08,0,-198.48,0,-359.66,0,-492.36,0,-569.75,0,-568.59,0,-473.64,0,6527,0
0.029604,0,0.029562,0,0.031034,0,0.034128,0,0.038717,0,0.044408,0,0.050557,0,0.44288,0
108.31,0,-35.08,0,-198.48,0,-359.66,0,-492.36,0,-569.75,0,-568.59,0,6053.3,0
0.030866,0,0.029604,0,0.029562,0,0.031034,0,0.034128,0,0.038717,0,0.044408,0,0.49343,0
215.78,0,108.31,0,-35.08,0,-198.48,0,-359.66,0,-492.36,0,-569.75,0,5484.7,0
0.032939,0,0.030866,0,0.029604,0,0.029562,0,0.031034,0,0.034128,0,0.038717,0,0.53784,0
278.81,0,215.78,0,108.31,0,-35.08,0,-198.48,0,-359.66,0,-492.36,0,4915,0
0.035374,-0.03249,0.032939,0,0.030866,0,0.029604,0,0.029562,0,0.031034,0,0.034128,0,0.57656,0
296.25,252.34,278.81,0,215.78,0,108.31,0,-35.08,0,-198.48,0,-359.66,0,4422.6,0
0.037748,-0.087561,0.035374,-0.03249,0.032939,0,0.030866,0,0.029604,0,0.029562,0,0.031034,0,0.61069,0
273.23,1206.1,296.25,252.34,278.81,0,215.78,0,108.31,0,-35.08,0,-198.48,0,4063,0
0.039714,-0.12457,0.037748,-0.087561,0.035374,-0.03249,0.032939,0,0.030866,0,0.029604,0,0.029562,0,0.64172,0
219.43,2582.6,273.23,1206.1,296.25,252.34,278.81,0,215.78,0,108.31,0,-35.08,0,3864.5,0
0.041038,-0.14179,0.039714,-0.12457,0.037748,-0.087561,0.035374,-0.03249,0.032939,0,0.030866,0,0.029604,0,0.67128,0
147.1,4057.8,219.43,2582.6,273.23,1206.1,296.25,252.34,278.81,0,215.78,0,108.31,0,3829.4,0
0.04161,-0.14041,0.041038,-0.14179,0.039714,-0.12457,0.037748,-0.087561,0.035374,-0.03249,0.032939,0,0.030866,0,0.70089,0
68.923,5354.1,147.1,4057.8,219.43,2582.6,273.23,1206.1,296.25,252.34,278.81,0,215.78,0,3937.7,0
0.04144,-0.12389,0.04161,-0.14041,0.041038,-0.14179,0.039714,-0.12457,0.037748,-0.087561,0.035374,-0.03249,0.032939,0,0.73175,0
-3.6938,6269.7,68.923,5354.1,147.1,4057.8,219.43,2582.6,273.23,1206.1,296.25,252.34,278.81,0,4153.5,0
0.040635,-0.097092,0.04144,-0.12389,0.04161,-0.14041,0.041038,-0.14179,0.039714,-0.12457,0.037748,-0.087561,0.035374,-0.03249,0.76469,0
-61.962,6692,-3.6938,6269.7,68.923,5354.1,147.1,4057.8,219.43,2582.6,273.23,1206.1,296.25,252.34,4432.3,0
0.03937,-0.065467,0.040635,-0.097092,0.04144,-0.12389,0.04161,-0.14041,0.041038,-0.14179,0.039714,-0.12457,0.037748,-0.087561,0.80007,-0.03249
-100.45,6598.2,-61.962,6692,-3.6938,6269.7,68.923,5354.1,147.1,4057.8,219.43,2582.6,273.23,1206.1,4728.6,252.34
0.037854,-0.034184,0.03937,-0.065467,0.040635,-0.097092,0.04144,-0.12389,0.04161,-0.14041,0.041038,-0.14179,0.039714,-0.12457,0.83782,-0.12005
-117.28,6042.5,-100.45,6598.2,-61.962,6692,-3.6938,6269.7,68.923,5354.1,147.1,4057.8,219.43,2582.6,5001.8,1458.5
0.036293,-0.0075021,0.037854,-0.034184,0.03937,-0.065467,0.040635,-0.097092,0.04144,-0.12389,0.04161,-0.14041,0.041038,-0.14179,0.87753,-0.24462
-113.75,5136.2,-117.28,6042.5,-100.45,6598.2,-61.962,6692,-3.6938,6269.7,68.923,5354.1,147.1,4057.8,5221.2,4041.1
0.034869,0.011649,0.036293,-0.0075021,0.037854,-0.034184,0.03937,-0.065467,0.040635,-0.097092,0.04144,-0.12389,0.04161,-0.14041,0.91857,-0.38641
-93.685,4022.9,-113.75,5136.2,-117.28,6042.5,-100.45,6598.2,-61.962,6692,-3.6938,6269.7,68.923,5354.1,5368.3,8098.9
0.033714,0.021843,0.034869,0.011649,0.036293,-0.0075021,0.037854,-0.034184,0.03937,-0.065467,0.040635,-0.097092,0.04144,-0.12389,0.96018,-0.52683
-62.501,2853.7,-93.685,4022.9,-113.75,5136.2,-117.28,6042.5,-100.45,6598.2,-61.962,6692,-3.6938,6269.7,5437.3,13453
0.032903,0.023097,0.033714,0.021843,0.034869,0.011649,0.036293,-0.0075021,0.037854,-0.034184,0.03937,-0.065467,0.040635,-0.097092,1.0016,-0.65071
-26.203,1765.5,-62.501,2853.7,-93.685,4022.9,-113.75,5136.2,-117.28,6042.5,-100.45,6598.2,-61.962,6692,5433.6,19723
0.032454,0.016634,0.032903,0.023097,0.033714,0.021843,0.034869,0.011649,0.036293,-0.0075021,0.037854,-0.034184,0.03937,-0.065467,1.0423,-0.7478
9.5019,864.58,-26.203,1765.5,-62.501,2853.7,-93.685,4022.9,-113.75,5136.2,-117.28,6042.5,-100.45,6598.2,5371.6,26415
0.032332,0.0045204,0.032454,0.016634,0.032903,0.023097,0.033714,0.021843,0.034869,0.011649,0.036293,-0.0075021,0.037854,-0.034184,1.0816,-0.81327
39.921,217.26,9.5019,864.58,-26.203,1765.5,-62.501,2853.7,-93.685,4022.9,-113.75,5136.2,-117.28,6042.5,5271.2,33013
0.032466,-0.010752,0.032332,0.0045204,0.032454,0.016634,0.032903,0.023097,0.033714,0.021843,0.034869,0.011649,0.036293,-0.0075021,1.1195,-0.84746
61.837,-152.74,39.921,217.26,9.5019,864.58,-26.203,1765.5,-62.501,2853.7,-93.685,4022.9,-113.75,5136.2,5153.9,39055
0.032762,-0.026666,0.032466,-0.010752,0.032332,0.0045204,0.032454,0.016634,0.032903,0.023097,0.033714,0.021843,0.034869,0.011649,1.1558,-0.85496
73.7,-260.63,61.837,-152.74,39.921,217.26,9.5019,864.58,-26.203,1765.5,-62.501,2853.7,-93.685,4022.9,5040.1,44192
0.03312,-0.041027,0.032762,-0.026666,0.032466,-0.010752,0.032332,0.0045204,0.032454,0.016634,0.032903,0.023097,0.033714,0.021843,1.1906,-0.84331
75.557,-152.35,73.7,-260.63,61.837,-152.74,39.921,217.26,9.5019,864.58,-26.203,1765.5,-62.501,2853.7,4946.4,48214
0.033448,-0.052198,0.03312,-0.041027,0.032762,-0.026666,0.032466,-0.010752,0.032332,0.0045204,0.032454,0.016634,0.032903,0.023097,1.2244,-0.82147
68.787,106.41,75.557,-152.35,73.7,-260.63,61.837,-152.74,39.921,217.26,9.5019,864.58,-26.203,1765.5,4883.9,51068
0.033675,-0.059232,0.033448,-0.052198,0.03312,-0.041027,0.032762,-0.026666,0.032466,-0.010752,0.032332,0.0045204,0.032454,0.016634,1.2573,-0.79837
55.697,442.11,68.787,106.41,75.557,-152.35,73.7,-260.63,61.837,-152.74,39.921,217.26,9.5019,864.58,4857.7,52834
0.033754,-0.061883,0.033675,-0.059232,0.033448,-0.052198,0.03312,-0.041027,0.032762,-0.026666,0.032466,-0.010752,0.032332,0.0045204,1.2897,-0.78173
39.061,784.33,55.697,442.11,68.787,106.41,75.557,-152.35,73.7,-260.63,61.837,-152.74,39.921,217.26,4867.2,53698
0.033665,-0.06053,0.033754,-0.061883,0.033675,-0.059232,0.033448,-0.052198,0.03312,-0.041027,0.032762,-0.026666,0.032466,-0.010752,1.322,-0.77721
21.672,1074.6,39.061,784.33,55.697,442.11,68.787,106.41,75.557,-152.35,73.7,-260.63,61.837,-152.74,4907.2,53915
0.033416,-0.056017,0.033665,-0.06053,0.033754,-0.061883,0.033675,-0.059232,0.033448,-0.052198,0.03312,-0.041027,0.032762,-0.026666,1.3545,-0.78797
5.9689,1271.9,21.672,1074.6,39.061,784.33,55.697,442.11,68.787,106.41,75.557,-152.35,73.7,-260.63,4969,53763
0.033034,-0.04947,0.033416,-0.056017,0.033665,-0.06053,0.033754,-0.061883,0.033675,-0.059232,0.033448,-0.052198,0.03312,-0.041027,1.3873,-0.81463
-6.2383,1355.7,5.9689,1271.9,21.672,1074.6,39.061,784.33,55.697,442.11,68.787,106.41,75.557,-152.35,5042.7,53502
0.03256,-0.0421,0.033034,-0.04947,0.033416,-0.056017,0.033665,-0.06053,0.033754,-0.061883,0.033675,-0.059232,0.033448,-0.052198,1.4204,-0.85566
-13.902,1324.7,-6.2383,1355.7,5.9689,1271.9,21.672,1074.6,39.061,784.33,55.697,442.11,68.787,106.41,5118.3,53350
0.032042,-0.035023,0.03256,-0.0421,0.033034,-0.04947,0.033416,-0.056017,0.033665,-0.06053,0.033754,-0.061883,0.033675,-0.059232,1.4538,-0.90786
-16.754,1194,-13.902,1324.7,-6.2383,1355.7,5.9689,1271.9,21.672,1074.6,39.061,784.33,55.697,442.11,5187,53456
0.031523,-0.029133,0.032042,-0.035023,0.03256,-0.0421,0.033034,-0.04947,0.033416,-0.056017,0.033665,-0.06053,0.033754,-0.061883,1.4875,-0.96709
-15.214,990.38,-16.754,1194,-13.902,1324.7,-6.2383,1355.7,5.9689,1271.9,21.672,1074.6,39.061,784.33,5242.7,53898
0.031044,-0.025013,0.031523,-0.029133,0.032042,-0.035023,0.03256,-0.0421,0.033034,-0.04947,0.033416,-0.056017,0.033665,-0.06053,1.5213,-1.029
-10.221,746.65,-15.214,990.38,-16.754,1194,-13.902,1324.7,-6.2383,1355.7,5.9689,1271.9,21.672,1074.6,5281.8,54683
0.030629,-0.022915,0.031044,-0.025013,0.031523,-0.029133,0.032042,-0.035023,0.03256,-0.0421,0.033034,-0.04947,0.033416,-0.056017,1.5549,-1.0895
-3.0203,496.2,-10.221,746.65,-15.214,990.38,-16.754,1194,-13.902,1324.7,-6.2383,1355.7,5.9689,1271.9,5303.5,55757
0.030295,-0.022773,0.030629,-0.022915,0.031044,-0.025013,0.031523,-0.029133,0.032042,-0.035023,0.03256,-0.0421,0.033034,-0.04947,1.5883,-1.1455
5.0504,268.39,-3.0203,496.2,-10.221,746.65,-15.214,990.38,-16.754,1194,-13.902,1324.7,-6.2383,1355.7,5309.4,57029
0.030041,-0.02427,0.030295,-0.022773,0.030629,-0.022915,0.031044,-0.025013,0.031523,-0.029133,0.032042,-0.035023,0.03256,-0.0421,1.6214,-1.195
12.757,85.249,5.0504,268.39,-3.0203,496.2,-10.221,746.65,-15.214,990.38,-16.754,1194,-13.902,1324.7,5303.2,58385
0.029859,-0.026921,0.030041,-0.02427,0.030295,-0.022773,0.030629,-0.022915,0.031044,-0.025013,0.031523,-0.029133,0.032042,-0.035023,1.6539,-1.2371
19.116,-40.33,12.757,85.249,5.0504,268.39,-3.0203,496.2,-10.221,746.65,-15.214,990.38,-16.754,1194,5289.3,59709
0.029731,-0.030163,0.029859,-0.026921,0.030041,-0.02427,0.030295,-0.022773,0.030629,-0.022915,0.031044,-0.025013,0.031523,-0.029133,1.686,-1.2721
23.486,-104.86,19.116,-40.33,12.757,85.249,5.0504,268.39,-3.0203,496.2,-10.221,746.65,-15.214,990.38,5272.5,60903
0.029636,-0.033445,0.029731,-0.030163,0.029859,-0.026921,0.030041,-0.02427,0.030295,-0.022773,0.030629,-0.022915,0.031044,-0.025013,1.7175,-1.3012
25.596,-113.22,23.486,-104.86,19.116,-40.33,12.757,85.249,5.0504,268.39,-3.0203,496.2,-10.221,746.65,5257.3,61894
0.029552,-0.036301,0.029636,-0.033445,0.029731,-0.030163,0.029859,-0.026921,0.030041,-0.02427,0.030295,-0.022773,0.030629,-0.022915,1.7486,-1.3263
25.524,-76.677,25.596,-113.22,23.486,-104.86,19.116,-40.33,12.757,85.249,5.0504,268.39,-3.0203,496.2,5247.1,62640
0.029459,-0.038397,0.029552,-0.036301,0.029636,-0.033445,0.029731,-0.030163,0.029859,-0.026921,0.030041,-0.02427,0.030295,-0.022773,1.7792,-1.3492
23.625,-10.341,25.524,-76.677,25.596,-113.22,23.486,-104.86,19.116,-40.33,12.757,85.249,5.0504,268.39,5244.1,63137
0.029341,-0.039552,0.029459,-0.038397,0.029552,-0.036301,0.029636,-0.033445,0.029731,-0.030163,0.029859,-0.026921,0.030041,-0.02427,1.8095,-1.3719
20.441,69.432,23.625,-10.341,25.524,-76.677,25.596,-113.22,23.486,-104.86,19.116,-40.33,12.757,85.249,5249.1,63405
0.029191,-0.039744,0.029341,-0.039552,0.029459,-0.038397,0.029552,-0.036301,0.029636,-0.033445,0.029731,-0.030163,0.029859,-0.026921,1.8395,-1.3962
16.597,147.42,20.441,69.432,23.625,-10.341,25.524,-76.677,25.596,-113.22,23.486,-104.86,19.116,-40.33,5261.9,63490
0.029005,-0.039079,0.029191,-0.039744,0.029341,-0.039552,0.029459,-0.038397,0.029552,-0.036301,0.029636,-0.033445,0.029731,-0.030163,1.8694,-1.4231
12.704,211.37,16.597,147.42,20.441,69.432,23.625,-10.341,25.524,-76.677,25.596,-113.22,23.486,-104.86,5281,63450
0.028785,-0.037761,0.029005,-0.039079,0.029191,-0.039744,0.029341,-0.039552,0.029459,-0.038397,0.029552,-0.036301,0.029636,-0.033445,1.8991,-1.4533
9.2803,253.11,12.704,211.37,16.597,147.42,20.441,69.432,23.625,-10.341,25.524,-76.677,25.596,-113.22,5304.5,63345
0.028538,-0.036048,0.028785,-0.037761,0.029005,-0.039079,0.029191,-0.039744,0.029341,-0.039552,0.029459,-0.038397,0.029552,-0.036301,1.9287,-1.4867
6.6951,268.95,9.2803,253.11,12.704,211.37,16.597,147.42,20.441,69.432,23.625,-10.341,25.524,-76.677,5330.1,63232
0.028275,-0.034208,0.028538,-0.036048,0.028785,-0.037761,0.029005,-0.039079,0.029191,-0.039744,0.029341,-0.039552,0.029459,-0.038397,1.9583,-1.523
5.146,259.46,6.6951,268.95,9.2803,253.11,12.704,211.37,16.597,147.42,20.441,69.432,23.625,-10.341,5355.6,63155
0.028004,-0.03248,0.028275,-0.034208,0.028538,-0.036048,0.028785,-0.037761,0.029005,-0.039079,0.029191,-0.039744,0.029341,-0.039552,1.9878,-1.5614
4.6593,228.64,5.146,259.46,6.6951,268.95,9.2803,253.11,12.704,211.37,16.597,147.42,20.441,69.432,5379.2,63145
0.027737,-0.03105,0.028004,-0.03248,0.028275,-0.034208,0.028538,-0.036048,0.028785,-0.037761,0.029005,-0.039079,0.029191,-0.039744,2.0171,-1.601
5.115,182.83,4.6593,228.64,5.146,259.46,6.6951,268.95,9.2803,253.11,12.704,211.37,16.597,147.42,5399.7,63214
0.027481,-0.030033,0.027737,-0.03105,0.028004,-0.03248,0.028275,-0.034208,0.028538,-0.036048,0.028785,-0.037761,0.029005,-0.039079,2.0463,-1.6407
6.2869,129.46,5.115,182.83,4.6593,228.64,5.146,259.46,6.6951,268.95,9.2803,253.11,12.704,211.37,5416.3,63362
0.027241,-0.02947,0.027481,-0.030033,0.027737,-0.03105,0.028004,-0.03248,0.028275,-0.034208,0.028538,-0.036048,0.028785,-0.037761,2.0753,-1.6798
7.8899,75.855,6.2869,129.46,5.115,182.83,4.6593,228.64,5.146,259.46,6.6951,268.95,9.2803,253.11,5429,63573
0.027021,-0.029334,0.027241,-0.02947,0.027481,-0.030033,0.027737,-0.03105,0.028004,-0.03248,0.028275,-0.034208,0.028538,-0.036048,2.1041,-1.7176
9.6284,28.281,7.8899,75.855,6.2869,129.46,5.115,182.83,4.6593,228.64,5.146,259.46,6.6951,268.95,5438.3,63826
0.026819,-0.029544,0.027021,-0.029334,0.027241,-0.02947,0.027481,-0.030033,0.027737,-0.03105,0.028004,-0.03248,0.028275,-0.034208,2.1326,-1.7536
11.237,-8.7419,9.6284,28.281,7.8899,75.855,6.2869,129.46,5.115,182.83,4.6593,228.64,5.146,259.46,5445,64095
0.026634,-0.029988,0.026819,-0.029544,0.027021,-0.029334,0.027241,-0.02947,0.027481,-0.030033,0.027737,-0.03105,0.028004,-0.03248,2.1609,-1.7878
12.511,-32.764,11.237,-8.7419,9.6284,28.281,7.8899,75.855,6.2869,129.46,5.115,182.83,4.6593,228.64,5450.1,64355
0.026461,-0.03054,0.026634,-0.029988,0.026819,-0.029544,0.027021,-0.029334,0.027241,-0.02947,0.027481,-0.030033,0.027737,-0.03105,2.1889,-1.8203
13.325,-43.4,12.511,-32.764,11.237,-8.7419,9.6284,28.281,7.8899,75.855,6.2869,129.46,5.115,182.83,5454.8,64583
0.026296,-0.03108,0.026461,-0.03054,0.026634,-0.029988,0.026819,-0.029544,0.027021,-0.029334,0.027241,-0.02947,0.027481,-0.030033,2.2166,-1.8514
13.634,-42.053,13.325,-43.4,12.511,-32.764,11.237,-8.7419,9.6284,28.281,7.8899,75.855,6.2869,129.46,5459.9,64766
0.026133,-0.03151,0.026296,-0.03108,0.026461,-0.03054,0.026634,-0.029988,0.026819,-0.029544,0.027021,-0.029334,0.027241,-0.02947,2.2441,-1.8814
13.471,-31.437,13.634,-42.053,13.325,-43.4,12.511,-32.764,11.237,-8.7419,9.6284,28.281,7.8899,75.855,5466.2,64895
0.025968,-0.031761,0.026133,-0.03151,0.026296,-0.03108,0.026461,-0.03054,0.026634,-0.029988,0.026819,-0.029544,0.027021,-0.029334,2.2714,-1.9109
12.923,-15.006,13.471,-31.437,13.634,-42.053,13.325,-43.4,12.511,-32.764,11.237,-8.7419,9.6284,28.281,5474.1,64971
0.025798,-0.031801,0.025968,-0.031761,0.026133,-0.03151,0.026296,-0.03108,0.026461,-0.03054,0.026634,-0.029988,0.026819,-0.029544,2.2984,-1.9402
12.117,3.6254,12.923,-15.006,13.471,-31.437,13.634,-42.053,13.325,-43.4,12.511,-32.764,11.237,-8.7419,5483.7,65000
0.025622,-0.031631,0.025798,-0.031801,0.025968,-0.031761,0.026133,-0.03151,0.026296,-0.03108,0.026461,-0.03054,0.026634,-0.029988,2.3252,-1.9697
11.194,21.184,12.117,3.6254,12.923,-15.006,13.471,-31.437,13.634,-42.053,13.325,-43.4,12.511,-32.764,5494.9,64991
0.02544,-0.03128,0.025622,-0.031631,0.025798,-0.031801,0.025968,-0.031761,0.026133,-0.03151,0.026296,-0.03108,0.026461,-0.03054,2.3518,-1.9997
10.285,35.119,11.194,21.184,12.117,3.6254,12.923,-15.006,13.471,-31.437,13.634,-42.053,13.325,-43.4,5507.4,64958
0.02525,-0.030796,0.02544,-0.03128,0.025622,-0.031631,0.025798,-0.031801,0.025968,-0.031761,0.026133,-0.03151,0.026296,-0.03108,2.3783,-2.0303
9.5011,43.82,10.285,35.119,11.194,21.184,12.117,3.6254,12.923,-15.006,13.471,-31.437,13.634,-42.053,5520.8,64915
0.025057,-0.030238,0.02525,-0.030796,0.02544,-0.03128,0.025622,-0.031631,0.025798,-0.031801,0.025968,-0.031761,0.026133,-0.03151,2.4046,-2.0614
8.9155,46.673,9.5011,43.82,10.285,35.119,11.194,21.184,12.117,3.6254,12.923,-15.006,13.471,-31.437,5534.4,64873
0.024861,-0.029664,0.025057,-0.030238,0.02525,-0.030796,0.02544,-0.03128,0.025622,-0.031631,0.025798,-0.031801,0.025968,-0.031761,2.4307,-2.0929
8.5648,43.977,8.9155,46.673,9.5011,43.82,10.285,35.119,11.194,21.184,12.117,3.6254,12.923,-15.006,5547.9,64841
0.024665,-0.029127,0.024861,-0.029664,0.025057,-0.030238,0.02525,-0.030796,0.02544,-0.03128,0.025622,-0.031631,0.025798,-0.031801,2.4567,-2.1246
8.4476,36.754,8.5648,43.977,8.9155,46.673,9.5011,43.82,10.285,35.119,11.194,21.184,12.117,3.6254,5560.8,64826
0.024471,-0.028664,0.024665,-0.029127,0.024861,-0.029664,0.025057,-0.030238,0.02525,-0.030796,0.02544,-0.03128,0.025622,-0.031631,2.4825,-2.1564
8.5317,26.486,8.4476,36.754,8.5648,43.977,8.9155,46.673,9.5011,43.82,10.285,35.119,11.194,21.184,5572.9,64830
0.024281,-0.028296,0.024471,-0.028664,0.024665,-0.029127,0.024861,-0.029664,0.025057,-0.030238,0.02525,-0.030796,0.02544,-0.03128,2.5081,-2.1881
8.7633,14.844,8.5317,26.486,8.4476,36.754,8.5648,43.977,8.9155,46.673,9.5011,43.82,10.285,35.119,5584.1,64851
0.024096,-0.028031,0.024281,-0.028296,0.024471,-0.028664,0.024665,-0.029127,0.024861,-0.029664,0.025057,-0.030238,0.02525,-0.030796,2.5335,-2.2193
9.0777,3.4281,8.7633,14.844,8.5317,26.486,8.4476,36.754,8.5648,43.977,8.9155,46.673,9.5011,43.82,5594.4,64886
0.023916,-0.02786,0.024096,-0.028031,0.024281,-0.028296,0.024471,-0.028664,0.024665,-0.029127,0.024861,-0.029664,0.025057,-0.030238,2.5588,-2.2501
9.4099,-6.436,9.0777,3.4281,8.7633,14.844,8.5317,26.486,8.4476,36.754,8.5648,43.977,8.9155,46.673,5603.9,64930
0.023741,-0.027762,0.023916,-0.02786,0.024096,-0.028031,0.024281,-0.028296,0.024471,-0.028664,0.024665,-0.029127,0.024861,-0.029664,2.5839,-2.2804
9.7032,-13.83,9.4099,-6.436,9.0777,3.4281,8.7633,14.844,8.5317,26.486,8.4476,36.754,8.5648,43.977,5612.8,64977
0.023571,-0.027712,0.023741,-0.027762,0.023916,-0.02786,0.024096,-0.028031,0.024281,-0.028296,0.024471,-0.028664,0.024665,-0.029127,2.6087,-2.31
9.9154,-18.303,9.7032,-13.83,9.4099,-6.436,9.0777,3.4281,8.7633,14.844,8.5317,26.486,8.4476,36.754,5621.4,65021
0.023404,-0.027682,0.023571,-0.027712,0.023741,-0.027762,0.023916,-0.02786,0.024096,-0.028031,0.024281,-0.028296,0.024471,-0.028664,2.6334,-2.3392
10.022,-19.853,9.9154,-18.303,9.7032,-13.83,9.4099,-6.436,9.0777,3.4281,8.7633,14.844,8.5317,26.486,5629.8,65057
0.023239,-0.027645,0.023404,-0.027682,0.023571,-0.027712,0.023741,-0.027762,0.023916,-0.02786,0.024096,-0.028031,0.024281,-0.028296,2.6578,-2.3678
10.018,-18.86,10.022,-19.853,9.9154,-18.303,9.7032,-13.83,9.4099,-6.436,9.0777,3.4281,8.7633,14.844,5638.3,65084
0.023076,-0.027581,0.023239,-0.027645,0.023404,-0.027682,0.023571,-0.027712,0.023741,-0.027762,0.023916,-0.02786,0.024096,-0.028031,2.6821,-2.3961
9.9112,-15.968,10.018,-18.86,10.022,-19.853,9.9154,-18.303,9.7032,-13.83,9.4099,-6.436,9.0777,3.4281,5647.1,65099
0.022913,-0.027476,0.023076,-0.027581,0.023239,-0.027645,0.023404,-0.027682,0.023571,-0.027712,0.023741,-0.027762,0.023916,-0.02786,2.7062,-2.4242
9.7249,-11.961,9.9112,-15.968,10.018,-18.86,10.022,-19.853,9.9154,-18.303,9.7032,-13.83,9.4099,-6.436,5656.2,65102
0.02275,-0.027326,0.022913,-0.027476,0.023076,-0.027581,0.023239,-0.027645,0.023404,-0.027682,0.023571,-0.027712,0.023741,-0.027762,2.7301,-2.452
9.488,-7.6338,9.7249,-11.961,9.9112,-15.968,10.018,-18.86,10.022,-19.853,9.9154,-18.303,9.7032,-13.83,5665.6,65096
0.022587,-0.027131,0.02275,-0.027326,0.022913,-0.027476,0.023076,-0.027581,0.023239,-0.027645,0.023404,-0.027682,0.023571,-0.027712,2.7539,-2.4798
9.2314,-3.6864,9.488,-7.6338,9.7249,-11.961,9.9112,-15.968,10.018,-18.86,10.022,-19.853,9.9154,-18.303,5675.3,65082
0.022422,-0.026898,0.022587,-0.027131,0.02275,-0.027326,0.022913,-0.027476,0.023076,-0.027581,0.023239,-0.027645,0.023404,-0.027682,2.7775,-2.5075
8.9838,-0.64528,9.2314,-3.6864,9.488,-7.6338,9.7249,-11.961,9.9112,-15.968,10.018,-18.86,10.022,-19.853,5685.2,65064
0.022258,-0.02664,0.022422,-0.026898,0.022587,-0.027131,0.02275,-0.027326,0.022913,-0.027476,0.023076,-0.027581,0.023239,-0.027645,2.8009,-2.5352
8.7683,1.1774,8.9838,-0.64528,9.2314,-3.6864,9.488,-7.6338,9.7249,-11.961,9.9112,-15.968,10.018,-18.86,5695.2,65044
0.022093,-0.026369,0.022258,-0.02664,0.022422,-0.026898,0.022587,-0.027131,0.02275,-0.027326,0.022913,-0.027476,0.023076,-0.027581,2.8241,-2.5628
8.5996,1.6896,8.7683,1.1774,8.9838,-0.64528,9.2314,-3.6864,9.488,-7.6338,9.7249,-11.961,9.9112,-15.968,5705.3,65025
0.021929,-0.026098,0.022093,-0.026369,0.022258,-0.02664,0.022422,-0.026898,0.022587,-0.027131,0.02275,-0.027326,0.022913,-0.027476,2.8472,-2.5904
8.4841,0.99504,8.5996,1.6896,8.7683,1.1774,8.9838,-0.64528,9.2314,-3.6864,9.488,-7.6338,9.7249,-11.961,5715.2,65009
0.021766,-0.025838,0.021929,-0.026098,0.022093,-0.026369,0.022258,-0.02664,0.022422,-0.026898,0.022587,-0.027131,0.02275,-0.027326,2.8701,-2.6179
8.4199,-0.65305,8.4841,0.99504,8.5996,1.6896,8.7683,1.1774,8.9838,-0.64528,9.2314,-3.6864,9.488,-7.6338,5724.9,64997
0.021604,-0.025597,0.021766,-0.025838,0.021929,-0.026098,0.022093,-0.026369,0.022258,-0.02664,0.022422,-0.026898,0.022587,-0.027131,2.8928,-2.6452
8.3986,-2.911,8.4199,-0.65305,8.4841,0.99504,8.5996,1.6896,8.7683,1.1774,8.9838,-0.64528,9.2314,-3.6864,5734.4,64989
0.021444,-0.025379,0.021604,-0.025597,0.021766,-0.025838,0.021929,-0.026098,0.022093,-0.026369,0.022258,-0.02664,0.022422,-0.026898,2.9154,-2.6723
8.4077,-5.4058,8.3986,-2.911,8.4199,-0.65305,8.4841,0.99504,8.5996,1.6896,8.7683,1.1774,8.9838,-0.64528,5743.6,64986
0.021286,-0.025185,0.021444,-0.025379,0.021604,-0.025597,0.021766,-0.025838,0.021929,-0.026098,0.022093,-0.026369,0.022258,-0.02664,2.9378,-2.6992
8.4326,-7.7903,8.4077,-5.4058,8.3986,-2.911,8.4199,-0.65305,8.4841,0.99504,8.5996,1.6896,8.7683,1.1774,5752.6,64985
];
Gb = [1.3333e+06,-4.8474e+05,1.1149e+06,-6.1514e+05,7.8352e+05,-6.4137e+05,4.0192e+05,-5.7706e+05,29395,-4.4573e+05,-2.8573e+05,-2.7599e+05,-5.1072e+05,-96901,-1.5205e+06,8.5741e+05
-1.0621e+06,4.09e+05,-8.8602e+05,5.1168e+05,-6.1994e+05,5.31e+05,-3.1422e+05,4.78e+05,-16275,3.7158e+05,2.3531e+05,2.3469e+05,4.1447e+05,90602,1.2939e+06,-3.8427e+05
-81929,-1.9484e+05,-2.276e+05,-98288,-3.1894e+05,-4457.1,-3.5265e+05,74544,-3.3366e+05,1.3058e+05,-2.7316e+05,1.5991e+05,-1.8604e+05,1.6301e+05,5.0042e+05,39748
1216.6,-257.13,1058,-397.02,785.58,-443.67,454.55,-406.23,118.75,-303.63,-176.13,-160.4,-397.37,-2.4826,-652.98,7262.6
3.9753e+05,5.3749e+05,5.0836e+05,4.168e+05,5.7458e+05,2.9846e+05,5.9067e+05,1.9412e+05,5.5911e+05,1.12e+05,4.8868e+05,56338,3.9222e+05,27428,1.391e+06,1.0935e+06
23323,42131,32376,33887,38717,25329,41645,17367,41061,10714,37375,5811.9,31370,2820,1.1204e+05,78782
12851,49053,23323,42131,32376,33887,38717,25329,41645,17367,41061,10714,37375,5812,1.4347e+05,82207
2516.8,53703,12851,49053,23323,42131,32376,33887,38717,25329,41645,17367,41061,10714,1.809e+05,88619
-6320.4,55348,2516.8,53703,12851,49053,23323,42131,32376,33887,38717,25329,41645,17367,2.2201e+05,99918
-12725,53644,-6320.3,55348,2516.9,53703,12851,49053,23323,42131,32376,33887,38717,25329,2.637e+05,1.1785e+05
-16240,48767,-12725,53644,-6320.3,55348,2517,53703,12851,49053,23324,42131,32376,33887,3.0247e+05,1.4371e+05
-16870,41493,-16240,48767,-12725,53644,-6320.2,55348,2517,53703,12851,49053,23324,42131,3.3489e+05,1.7809e+05
-15004,33202,-16869,41493,-16240,48767,-12725,53644,-6320.1,55348,2517.1,53703,12851,49053,3.5825e+05,2.2069e+05
-11303,25777,-15004,33202,-16869,41493,-16240,48767,-12725,53644,-6320.1,55348,2517.2,53703,3.7114e+05,2.7019e+05
-6562.5,21411,-11303,25777,-15004,33202,-16869,41493,-16240,48767,-12725,53644,-6320,55348,3.737e+05,3.2434e+05
-1589.2,22329,-6562.5,21411,-11302,25776,-15004,33202,-16869,41493,-16239,48767,-12725,53644,3.6742e+05,3.8013e+05
2913,30440,-1589.1,22329,-6562.4,21411,-11302,25776,-15004,33202,-16869,41493,-16239,48767,3.5474e+05,4.3425e+05
6418.1,46987,2913.1,30440,-1589,22329,-6562.4,21411,-11302,25776,-15004,33202,-16869,41493,3.3854e+05,4.8353e+05
8619.6,72224,6418.1,46987,2913.2,30440,-1589,22329,-6562.3,21411,-11302,25776,-15004,33202,3.2173e+05,5.256e+05
9435.8,1.052e+05,8619.7,72223,6418.2,46987,2913.3,30440,-1588.9,22329,-6562.2,21411,-11302,25776,3.0678e+05,5.5945e+05
8983.8,1.4367e+05,9435.9,1.052e+05,8619.8,72223,6418.3,46987,2913.4,30440,-1588.8,22329,-6562.1,21411,2.9554e+05,5.8594e+05
7530.8,1.8425e+05,8983.9,1.4367e+05,9436,1.052e+05,8619.9,72223,6418.4,46987,2913.5,30440,-1588.7,22329,2.8905e+05,6.0811e+05
5434.6,2.2272e+05,7530.9,1.8425e+05,8984,1.4367e+05,9436.1,1.052e+05,8620,72223,6418.5,46987,2913.6,30440,2.8753e+05,6.3123e+05
3080,2.5458e+05,5434.7,2.2272e+05,7531,1.8425e+05,8984.1,1.4367e+05,9436.2,1.052e+05,8620.1,72223,6418.6,46987,2.9051e+05,6.6244e+05
823.47,2.757e+05,3080.1,2.5458e+05,5434.8,2.2272e+05,7531.1,1.8425e+05,8984.1,1.4367e+05,9436.3,1.052e+05,8620.2,72223,2.9699e+05,7.1016e+05
3.0902,-2.8803,3.0689,-2.8551,3.0475,-2.8298,3.0259,-2.8042,3.0041,-2.7783,2.9822,-2.7522,2.9601,-2.7259,151.42,-115.3
5812.1,64972,5803.7,64980,5795.3,64985,5786.9,64988,5778.4,64989,5770,64988,5761.4,64986,4.8283e+05,4.0909e+06
];
Gc = [8647.2,-1050.1,8075.1,-2353.8,6529.3,-3007.5,4376,-3031.2,2002.9,-2525.9,-236.81,-1646.8,-2065.3,-573.66,-6114.1,50853
-1050.1,2.831e+05,823.55,2.757e+05,3080.2,2.5458e+05,5434.9,2.2272e+05,7531.2,1.8425e+05,8984.2,1.4367e+05,9436.4,1.052e+05,3.0567e+05,7.8302e+05
8075.1,823.55,8647.2,-1050.1,8075.1,-2353.8,6529.2,-3007.5,4376,-3031.2,2002.8,-2525.9,-236.88,-1646.8,-8228,49731
-2353.8,2.757e+05,-1050.1,2.831e+05,823.62,2.757e+05,3080.2,2.5458e+05,5434.9,2.2272e+05,7531.3,1.8425e+05,8984.3,1.4367e+05,3.1515e+05,8.8872e+05
6529.3,3080.2,8075.1,823.62,8647.1,-1050,8075,-2353.7,6529.2,-3007.5,4375.9,-3031.2,2002.7,-2525.9,-8513.3,47538
-3007.5,2.5458e+05,-2353.8,2.757e+05,-1050,2.831e+05,823.66,2.757e+05,3080.3,2.5458e+05,5435,2.2272e+05,7531.3,1.8425e+05,3.2417e+05,1.0327e+06
4376,5434.9,6529.2,3080.2,8075,823.66,8647,-1050,8074.9,-2353.7,6529.1,-3007.5,4375.8,-3031.2,-6559,44466
-3031.2,2.2272e+05,-3007.5,2.5458e+05,-2353.7,2.757e+05,-1050,2.831e+05,823.69,2.757e+05,3080.3,2.5458e+05,5435,2.2272e+05,3.3171e+05,1.2172e+06
2002.9,7531.2,4376,5434.9,6529.2,3080.3,8074.9,823.69,8646.9,-1050,8074.9,-2353.7,6529,-3007.5,-2231.7,40888
-2525.9,1.8425e+05,-3031.2,2.2272e+05,-3007.5,2.5458e+05,-2353.7,2.757e+05,-1050,2.831e+05,823.69,2.757e+05,3080.3,2.5458e+05,3.3715e+05,1.4399e+06
-236.81,8984.2,2002.8,7531.3,4375.9,5435,6529.1,3080.3,8074.9,823.69,8646.9,-1050,8074.8,-2353.7,4248.4,37329
-1646.8,1.4367e+05,-2525.9,1.8425e+05,-3031.2,2.2272e+05,-3007.5,2.5458e+05,-2353.7,2.757e+05,-1050,2.831e+05,823.68,2.757e+05,3.4023e+05,1.6945e+06
-2065.3,9436.4,-236.88,8984.3,2002.7,7531.3,4375.8,5435,6529,3080.3,8074.8,823.68,8646.8,-1050,12274,34416
-573.66,1.052e+05,-1646.8,1.4367e+05,-2525.9,1.8425e+05,-3031.2,2.2272e+05,-3007.5,2.5458e+05,-2353.7,2.757e+05,-1050,2.831e+05,3.4104e+05,1.97e+06
-6114.1,3.0567e+05,-8228,3.1515e+05,-8513.3,3.2417e+05,-6559,3.3171e+05,-2231.7,3.3715e+05,4248.4,3.4023e+05,12274,3.4104e+05,2.5836e+06,2.217e+07
50853,7.8302e+05,49731,8.8872e+05,47538,1.0327e+06,44466,1.2172e+06,40888,1.4399e+06,37329,1.6945e+06,34416,1.97e+06,2.217e+07,2.4882e+08
];
xinit = [0
0
0
0
0
0
0
0
0
0
0
0
0
0
0
0
0
0
0
0
0
0
0
0
0
0
0
];
upast = [0
0
];
