function [H,C,M,UB,LB,b,Ain,Ga,Gb,Gc,xinit,upast] = get_matrices(option)
%#eml
H = [8697.2,-1050.1,8075.1,-2353.8,6529.3,-3007.5,4376,-3031.2,2002.9,-2525.9,-236.81,-1646.8,-2065.3,-573.66,-6114.1,50853
-1050.1,2.831e+05,823.55,2.757e+05,3080.2,2.5458e+05,5434.9,2.2272e+05,7531.2,1.8425e+05,8984.2,1.4367e+05,9436.4,1.052e+05,3.0567e+05,7.8302e+05
8075.1,823.55,8697.2,-1050.1,8075.1,-2353.8,6529.2,-3007.5,4376,-3031.2,2002.8,-2525.9,-236.88,-1646.8,-8228,49731
-2353.8,2.757e+05,-1050.1,2.831e+05,823.62,2.757e+05,3080.2,2.5458e+05,5434.9,2.2272e+05,7531.3,1.8425e+05,8984.3,1.4367e+05,3.1515e+05,8.8872e+05
6529.3,3080.2,8075.1,823.62,8697.1,-1050,8075,-2353.7,6529.2,-3007.5,4375.9,-3031.2,2002.7,-2525.9,-8513.3,47538
-3007.5,2.5458e+05,-2353.8,2.757e+05,-1050,2.831e+05,823.66,2.757e+05,3080.3,2.5458e+05,5435,2.2272e+05,7531.3,1.8425e+05,3.2417e+05,1.0327e+06
4376,5434.9,6529.2,3080.2,8075,823.66,8697,-1050,8074.9,-2353.7,6529.1,-3007.5,4375.8,-3031.2,-6559,44466
-3031.2,2.2272e+05,-3007.5,2.5458e+05,-2353.7,2.757e+05,-1050,2.831e+05,823.69,2.757e+05,3080.3,2.5458e+05,5435,2.2272e+05,3.3171e+05,1.2172e+06
2002.9,7531.2,4376,5434.9,6529.2,3080.3,8074.9,823.69,8696.9,-1050,8074.9,-2353.7,6529,-3007.5,-2231.7,40888
-2525.9,1.8425e+05,-3031.2,2.2272e+05,-3007.5,2.5458e+05,-2353.7,2.757e+05,-1050,2.831e+05,823.69,2.757e+05,3080.3,2.5458e+05,3.3715e+05,1.4399e+06
-236.81,8984.2,2002.8,7531.3,4375.9,5435,6529.1,3080.3,8074.9,823.69,8696.9,-1050,8074.8,-2353.7,4248.4,37329
-1646.8,1.4367e+05,-2525.9,1.8425e+05,-3031.2,2.2272e+05,-3007.5,2.5458e+05,-2353.7,2.757e+05,-1050,2.831e+05,823.68,2.757e+05,3.4023e+05,1.6945e+06
-2065.3,9436.4,-236.88,8984.3,2002.7,7531.3,4375.8,5435,6529,3080.3,8074.8,823.68,8696.8,-1050,12274,34416
-573.66,1.052e+05,-1646.8,1.4367e+05,-2525.9,1.8425e+05,-3031.2,2.2272e+05,-3007.5,2.5458e+05,-2353.7,2.757e+05,-1050,2.831e+05,3.4104e+05,1.97e+06
-6114.1,3.0567e+05,-8228,3.1515e+05,-8513.3,3.2417e+05,-6559,3.3171e+05,-2231.7,3.3715e+05,4248.4,3.4023e+05,12274,3.4104e+05,2.5837e+06,2.217e+07
50853,7.8302e+05,49731,8.8872e+05,47538,1.0327e+06,44466,1.2172e+06,40888,1.4399e+06,37329,1.6945e+06,34416,1.97e+06,2.217e+07,2.4882e+08
];
C = [0,1,0,0,0,0,0,0,0,0,0,0,0,0,0,0,0,0,0,0,0,0,0,0,0,1,0
25.159,-20.065,100,0,0,0,0,0,0,0,0,0,0,0,0,0,0,0,0,0,0,0,0,0,0,0,1
];
M = [2.6043e-19,-1.7077e-21
2.9253e-21,5.1921e-19
4.4713e-21,-2.3108e-21
-3.5115e-18,-6.7684e-19
0,0
0,0
0,0
0,0
0,0
0,0
0,0
0,0
0,0
0,0
0,0
0,0
0,0
0,0
0,0
0,0
0,0
0,0
0,0
0,0
0,0
0.98076,-9.3536e-19
-7.3568e-18,0.98076
];
UB = [0.3
1
0.3
1
0.3
1
0.3
1
0.3
1
0.3
1
0.3
1
0.3
1
];
LB = [-0.3
0
-0.3
0
-0.3
0
-0.3
0
-0.3
0
-0.3
0
-0.3
0
-0.3
0
];
b = [0.1
0.1
0.1
0.1
0.1
0.1
0.1
0.1
0.1
0.1
0.1
0.1
0.1
0.1
0.1
0.1
0.1
1
0.1
1
0.1
1
0.1
1
0.1
1
0.1
1
0.1
1
0.1
1
];
Ain = [-1,0,0,0,0,0,0,0,0,0,0,0,0,0,0,0
0,-1,0,0,0,0,0,0,0,0,0,0,0,0,0,0
1,0,-1,0,0,0,0,0,0,0,0,0,0,0,0,0
0,1,0,-1,0,0,0,0,0,0,0,0,0,0,0,0
0,0,1,0,-1,0,0,0,0,0,0,0,0,0,0,0
0,0,0,1,0,-1,0,0,0,0,0,0,0,0,0,0
0,0,0,0,1,0,-1,0,0,0,0,0,0,0,0,0
0,0,0,0,0,1,0,-1,0,0,0,0,0,0,0,0
0,0,0,0,0,0,1,0,-1,0,0,0,0,0,0,0
0,0,0,0,0,0,0,1,0,-1,0,0,0,0,0,0
0,0,0,0,0,0,0,0,1,0,-1,0,0,0,0,0
0,0,0,0,0,0,0,0,0,1,0,-1,0,0,0,0
0,0,0,0,0,0,0,0,0,0,1,0,-1,0,0,0
0,0,0,0,0,0,0,0,0,0,0,1,0,-1,0,0
0,0,0,0,0,0,0,0,0,0,0,0,1,0,-1,0
0,0,0,0,0,0,0,0,0,0,0,0,0,1,0,-1
1,-0,-0,-0,-0,-0,-0,-0,-0,-0,-0,-0,-0,-0,-0,-0
-0,1,-0,-0,-0,-0,-0,-0,-0,-0,-0,-0,-0,-0,-0,-0
-1,-0,1,-0,-0,-0,-0,-0,-0,-0,-0,-0,-0,-0,-0,-0
-0,-1,-0,1,-0,-0,-0,-0,-0,-0,-0,-0,-0,-0,-0,-0
-0,-0,-1,-0,1,-0,-0,-0,-0,-0,-0,-0,-0,-0,-0,-0
-0,-0,-0,-1,-0,1,-0,-0,-0,-0,-0,-0,-0,-0,-0,-0
-0,-0,-0,-0,-1,-0,1,-0,-0,-0,-0,-0,-0,-0,-0,-0
-0,-0,-0,-0,-0,-1,-0,1,-0,-0,-0,-0,-0,-0,-0,-0
-0,-0,-0,-0,-0,-0,-1,-0,1,-0,-0,-0,-0,-0,-0,-0
-0,-0,-0,-0,-0,-0,-0,-1,-0,1,-0,-0,-0,-0,-0,-0
-0,-0,-0,-0,-0,-0,-0,-0,-1,-0,1,-0,-0,-0,-0,-0
-0,-0,-0,-0,-0,-0,-0,-0,-0,-1,-0,1,-0,-0,-0,-0
-0,-0,-0,-0,-0,-0,-0,-0,-0,-0,-1,-0,1,-0,-0,-0
-0,-0,-0,-0,-0,-0,-0,-0,-0,-0,-0,-1,-0,1,-0,-0
-0,-0,-0,-0,-0,-0,-0,-0,-0,-0,-0,-0,-1,-0,1,-0
-0,-0,-0,-0,-0,-0,-0,-0,-0,-0,-0,-0,-0,-1,-0,1
];
