function [H,C,M,UB,LB,b,Ain,Ga,Gb,Gc,xinit,upast] = get_matrices(option)
%#eml
H = [8701,819.04,8079,-1054.6,6533.2,-2358.3,4379.9,-3012,2006.8,-3035.7,-232.87,-2530.3,-2061.4,-1651.2,-2466.7,89124
819.04,2.8311e+05,3075.6,2.757e+05,5430.3,2.5458e+05,7526.6,2.2273e+05,8979.6,1.8426e+05,9431.7,1.4367e+05,8615.6,1.052e+05,2.9274e+05,7.3713e+05
8079,3075.6,8701,819.06,8079,-1054.6,6533.2,-2358.3,4379.9,-3011.9,2006.8,-3035.6,-232.89,-2530.3,-4554.6,87206
-1054.6,2.757e+05,819.06,2.8311e+05,3075.7,2.757e+05,5430.3,2.5458e+05,7526.6,2.2273e+05,8979.6,1.8426e+05,9431.8,1.4367e+05,3.0139e+05,8.4265e+05
6533.2,5430.3,8079,3075.7,8701,819.08,8078.9,-1054.5,6533.1,-2358.2,4379.9,-3011.9,2006.7,-3035.6,-4814.2,84407
-2358.3,2.5458e+05,-1054.6,2.757e+05,819.08,2.8311e+05,3075.7,2.757e+05,5430.4,2.5458e+05,7526.7,2.2273e+05,8979.6,1.8426e+05,3.1085e+05,9.8664e+05
4379.9,7526.6,6533.2,5430.3,8078.9,3075.7,8701,819.1,8078.9,-1054.5,6533.1,-2358.2,4379.9,-3011.9,-2834.4,81101
-3012,2.2273e+05,-2358.3,2.5458e+05,-1054.5,2.757e+05,819.1,2.8311e+05,3075.7,2.757e+05,5430.4,2.5458e+05,7526.7,2.2273e+05,3.1986e+05,1.1712e+06
2006.8,8979.6,4379.9,7526.6,6533.1,5430.4,8078.9,3075.7,8701,819.12,8078.9,-1054.5,6533.1,-2358.2,1518.4,77817
-3035.7,1.8426e+05,-3011.9,2.2273e+05,-2358.2,2.5458e+05,-1054.5,2.757e+05,819.12,2.8311e+05,3075.7,2.757e+05,5430.4,2.5458e+05,3.2742e+05,1.3943e+06
-232.87,9431.7,2006.8,8979.6,4379.9,7526.7,6533.1,5430.4,8078.9,3075.7,8700.9,819.14,8078.9,-1054.5,8024.2,75184
-2530.3,1.4367e+05,-3035.6,1.8426e+05,-3011.9,2.2273e+05,-2358.2,2.5458e+05,-1054.5,2.757e+05,819.14,2.8311e+05,3075.7,2.757e+05,3.3289e+05,1.6492e+06
-2061.4,8615.6,-232.89,9431.8,2006.7,8979.6,4379.9,7526.7,6533.1,5430.4,8078.9,3075.7,8700.9,819.17,16076,73853
-1651.2,1.052e+05,-2530.3,1.4367e+05,-3035.6,1.8426e+05,-3011.9,2.2273e+05,-2358.2,2.5458e+05,-1054.5,2.757e+05,819.17,2.8311e+05,3.3599e+05,1.9252e+06
-2466.7,2.9274e+05,-4554.6,3.0139e+05,-4814.2,3.1085e+05,-2834.4,3.1986e+05,1518.4,3.2742e+05,8024.2,3.3289e+05,16076,3.3599e+05,6.2808e+06,6.1583e+07
89124,7.3713e+05,87206,8.4265e+05,84407,9.8664e+05,81101,1.1712e+06,77817,1.3943e+06,75184,1.6492e+06,73853,1.9252e+06,6.1583e+07,6.6643e+08
];
C = [0,1,0,0,0,0,0,0,0,0,0,0,0,0,0,0,0,0,0,0,0,0,0,0,0,0,1,0
25.159,-20.065,100,0,0,0,0,0,0,0,0,0,0,0,0,0,0,0,0,0,0,0,0,0,0,0,0,1
];
M = [5.1828e-19,-5.9674e-22
4.4559e-21,5.1111e-19
1.6399e-20,-3.1508e-21
-2.8522e-19,1.973e-17
0,0
0,0
0,0
0,0
0,0
0,0
0,0
0,0
0,0
0,0
0,0
0,0
0,0
0,0
0,0
0,0
0,0
0,0
0,0
0,0
0,0
0,0
0.98076,-1.6025e-18
-1.5681e-17,0.98076
];
UB = [0.3
1
0.3
1
0.3
1
0.3
1
0.3
1
0.3
1
0.3
1
0.3
1
];
LB = [-0.3
0
-0.3
0
-0.3
0
-0.3
0
-0.3
0
-0.3
0
-0.3
0
-0.3
0
];
b = [0.05
0.001
0.05
0.001
0.05
0.001
0.05
0.001
0.05
0.001
0.05
0.001
0.05
0.001
0.05
0.001
0.05
0.5
0.05
0.5
0.05
0.5
0.05
0.5
0.05
0.5
0.05
0.5
0.05
0.5
0.05
0.5
];
Ain = [-1,0,0,0,0,0,0,0,0,0,0,0,0,0,0,0
0,-1,0,0,0,0,0,0,0,0,0,0,0,0,0,0
1,0,-1,0,0,0,0,0,0,0,0,0,0,0,0,0
0,1,0,-1,0,0,0,0,0,0,0,0,0,0,0,0
0,0,1,0,-1,0,0,0,0,0,0,0,0,0,0,0
0,0,0,1,0,-1,0,0,0,0,0,0,0,0,0,0
0,0,0,0,1,0,-1,0,0,0,0,0,0,0,0,0
0,0,0,0,0,1,0,-1,0,0,0,0,0,0,0,0
0,0,0,0,0,0,1,0,-1,0,0,0,0,0,0,0
0,0,0,0,0,0,0,1,0,-1,0,0,0,0,0,0
0,0,0,0,0,0,0,0,1,0,-1,0,0,0,0,0
0,0,0,0,0,0,0,0,0,1,0,-1,0,0,0,0
0,0,0,0,0,0,0,0,0,0,1,0,-1,0,0,0
0,0,0,0,0,0,0,0,0,0,0,1,0,-1,0,0
0,0,0,0,0,0,0,0,0,0,0,0,1,0,-1,0
0,0,0,0,0,0,0,0,0,0,0,0,0,1,0,-1
1,-0,-0,-0,-0,-0,-0,-0,-0,-0,-0,-0,-0,-0,-0,-0
-0,1,-0,-0,-0,-0,-0,-0,-0,-0,-0,-0,-0,-0,-0,-0
-1,-0,1,-0,-0,-0,-0,-0,-0,-0,-0,-0,-0,-0,-0,-0
-0,-1,-0,1,-0,-0,-0,-0,-0,-0,-0,-0,-0,-0,-0,-0
-0,-0,-1,-0,1,-0,-0,-0,-0,-0,-0,-0,-0,-0,-0,-0
-0,-0,-0,-1,-0,1,-0,-0,-0,-0,-0,-0,-0,-0,-0,-0
-0,-0,-0,-0,-1,-0,1,-0,-0,-0,-0,-0,-0,-0,-0,-0
-0,-0,-0,-0,-0,-1,-0,1,-0,-0,-0,-0,-0,-0,-0,-0
-0,-0,-0,-0,-0,-0,-1,-0,1,-0,-0,-0,-0,-0,-0,-0
-0,-0,-0,-0,-0,-0,-0,-1,-0,1,-0,-0,-0,-0,-0,-0
-0,-0,-0,-0,-0,-0,-0,-0,-1,-0,1,-0,-0,-0,-0,-0
-0,-0,-0,-0,-0,-0,-0,-0,-0,-1,-0,1,-0,-0,-0,-0
-0,-0,-0,-0,-0,-0,-0,-0,-0,-0,-1,-0,1,-0,-0,-0
-0,-0,-0,-0,-0,-0,-0,-0,-0,-0,-0,-1,-0,1,-0,-0
-0,-0,-0,-0,-0,-0,-0,-0,-0,-0,-0,-0,-1,-0,1,-0
-0,-0,-0,-0,-0,-0,-0,-0,-0,-0,-0,-0,-0,-1,-0,1
];
